 10    0.000105454      8.382e-05     8.2907e-05
 25    0.000139263     0.00234337     0.00044179
 75    0.000657245      0.0387684     0.00140729
100    0.000436755       0.107493     0.00260976
150     0.00109683       0.489791     0.00572271
200     0.00224518        1.64846      0.0101183
300     0.00667485        8.82606      0.0225565
500      0.0282119        76.7559      0.0713374
 10     3.2687e-05     2.9049e-05     2.9104e-05
 25     4.6251e-05    0.000718085    0.000162678
 75     0.00027055      0.0402337     0.00158448
100    0.000494865       0.118751      0.0028763
150     0.00122239        0.54085     0.00623217
200        0.00246        1.85524      0.0113406
300      0.0071995         9.9676      0.0253491
500      0.0311326        80.3372      0.0713104
 10     3.4149e-05     2.9259e-05     2.9058e-05
 25     4.6732e-05    0.000664148    0.000162868
 75    0.000269908      0.0398182     0.00157917
100    0.000494627       0.117053     0.00286819
150     0.00129193       0.563643     0.00642311
200     0.00254111        1.85639       0.011148
300     0.00719162        9.87322      0.0258763
500      0.0311213        81.0105      0.0699628
 10     3.0773e-05     2.9174e-05     2.9076e-05
 25     4.6396e-05    0.000664627    0.000160989
 75    0.000277562      0.0397557     0.00157724
100    0.000504009        0.11743     0.00286241
150     0.00124299       0.550078     0.00642488
200     0.00253886        1.85878      0.0116361
300     0.00738121        10.0398      0.0263199
500      0.0312928        79.0127      0.0724827
 10     3.2728e-05     3.0182e-05      2.972e-05
 25     5.0499e-05    0.000742307      0.0001661
 75    0.000290612      0.0406187     0.00159703
100    0.000490382       0.117839     0.00288518
150     0.00124586       0.554555     0.00622839
200      0.0024478        1.82648      0.0112914
300     0.00717471        10.0134      0.0255006
500      0.0311539        80.3852      0.0712932
 10     3.2435e-05     2.9164e-05     2.8668e-05
 25     4.7271e-05     0.00071717    0.000160377
 75    0.000268175      0.0399781     0.00158046
100    0.000488283        0.11625     0.00286679
150     0.00125181       0.534557     0.00626077
200     0.00245594        1.85125      0.0114791
300     0.00743123        9.89831      0.0258645
500      0.0311566        78.9385      0.0700366
 10     3.3026e-05     2.8828e-05     2.8155e-05
 25     4.9483e-05    0.000720463    0.000160884
 75    0.000276482      0.0400251     0.00158024
100     0.00048898       0.116549     0.00287881
150      0.0012405       0.557542     0.00622642
200     0.00246307        1.83252      0.0112731
300     0.00722586        9.95844      0.0253783
500      0.0311279        79.6691      0.0711461
 10     3.1824e-05     2.9144e-05     2.9497e-05
 25     4.8271e-05    0.000713582    0.000162042
 75    0.000269635       0.037705     0.00153231
100    0.000472903       0.114739     0.00278329
150     0.00120608       0.531497     0.00638096
200     0.00244799        1.80667      0.0110009
300     0.00718609        9.78396      0.0250769
500      0.0301881         78.358        0.06977
 10     3.1251e-05      2.738e-05     2.8677e-05
 25     4.5106e-05    0.000646914    0.000173069
 75    0.000259015      0.0379912     0.00153631
100    0.000481059       0.115404     0.00277984
150     0.00121188       0.530762     0.00606841
200     0.00238365        1.82669      0.0113088
300     0.00719035        9.64304      0.0258945
500      0.0312205        80.2916      0.0701528
 10     3.5502e-05     2.9808e-05     2.9214e-05
 25     4.7704e-05    0.000666544    0.000167131
 75    0.000270719      0.0394505     0.00158407
100    0.000494589       0.118198     0.00286797
150       0.001239       0.533982     0.00622668
200     0.00244368        1.85329      0.0114219
300     0.00718725        9.86284      0.0259249
500      0.0301818        78.8933      0.0713146
 10     3.3862e-05      2.921e-05     2.8264e-05
 25     4.7269e-05    0.000674384    0.000160933
 75    0.000281555      0.0402374     0.00158219
100    0.000492138       0.119992     0.00287169
150     0.00126018       0.545214     0.00638831
200     0.00243672        1.88155      0.0114158
300     0.00742879        10.0812      0.0260599
500       0.031211        79.2131       0.069803
 10     3.1863e-05     2.8781e-05     2.9321e-05
 25     4.7125e-05    0.000666694    0.000160781
 75     0.00028689      0.0397027     0.00158792
100    0.000496081       0.119071     0.00294516
150     0.00124666       0.538949     0.00625584
200      0.0025453        1.85996      0.0116159
300     0.00742761        9.96315      0.0258609
500      0.0311158        79.5793      0.0735842
 10     3.2183e-05     2.8849e-05     2.8861e-05
 25     4.6292e-05    0.000707517    0.000161746
 75    0.000271387      0.0403906     0.00158656
100    0.000492571       0.117629     0.00286653
150      0.0012446       0.560201     0.00623322
200     0.00244069        1.84642      0.0111551
300     0.00719707        9.83752      0.0257826
500      0.0313154        79.6132      0.0710908
 10     3.5745e-05     2.9176e-05     2.8826e-05
 25     4.6599e-05    0.000665938    0.000161116
 75    0.000271917      0.0398807     0.00158412
100    0.000495465       0.117059     0.00286617
150     0.00125394       0.541767     0.00623395
200     0.00245165        1.83893      0.0113473
300     0.00741735        9.99103      0.0252815
500      0.0311823        79.5038      0.0716559
 10     3.1839e-05     2.9887e-05     2.9116e-05
 25     4.6666e-05    0.000666279    0.000164218
 75    0.000281493      0.0400335     0.00158467
100    0.000489928       0.117728     0.00287187
150     0.00125568       0.552121     0.00622565
200     0.00246096         1.8398      0.0117007
300     0.00719418         10.049       0.025432
500      0.0312547        80.2209      0.0713662
