 10     4.4837e-05     3.1272e-05     2.5484e-05
 25     5.5248e-05    0.000889134    0.000172459
 75    0.000299858      0.0433626     0.00140869
100      0.0004579        0.13799     0.00255097
150     0.00114649       0.599565     0.00572837
200     0.00232835        2.00779      0.0101505
300     0.00676259        11.1171      0.0227159
500      0.0285728        101.545       0.072707
 10     3.6297e-05     3.7083e-05     2.9666e-05
 25     5.3755e-05    0.000861086    0.000166433
 75     0.00030229      0.0481563     0.00163097
100    0.000518415       0.144956     0.00296583
150     0.00130622       0.661357     0.00648061
200     0.00253267        2.26175      0.0113922
300     0.00745756        12.3671      0.0259175
500      0.0317195        101.697       0.072186
 10     3.6452e-05     3.5431e-05     2.9649e-05
 25     5.1178e-05    0.000865655    0.000167088
 75    0.000319233      0.0482655     0.00163268
100    0.000519697       0.146665     0.00304002
150     0.00133025       0.687954     0.00644413
200     0.00254174        2.27618       0.011653
300     0.00744032        12.3996      0.0258033
500      0.0318728        103.608      0.0727367
 10      3.775e-05     3.5894e-05     2.9821e-05
 25     5.2507e-05    0.000854865     0.00019373
 75    0.000290277      0.0482218     0.00165445
100    0.000524042       0.149385     0.00296637
150     0.00129008       0.677965      0.0065091
200     0.00268263        2.28072      0.0117754
300     0.00766077        12.4375      0.0262497
500      0.0330059        101.934      0.0727567
 10     3.6563e-05     3.6196e-05     2.9523e-05
 25     5.2569e-05    0.000887041     0.00016615
 75    0.000288827      0.0487589     0.00163156
100    0.000516237       0.148622      0.0029681
150     0.00129915       0.669782     0.00645352
200     0.00252472        2.26375      0.0117654
300     0.00765261        12.4099      0.0258073
500      0.0320666        103.336      0.0722616
 10     4.0475e-05     4.1361e-05     2.9605e-05
 25     5.2168e-05    0.000871852    0.000166926
 75    0.000299533      0.0485866     0.00165146
100    0.000553197       0.146421     0.00296407
150     0.00129726       0.686128     0.00645755
200     0.00251531        2.22374      0.0114172
300     0.00742832        12.4772      0.0261477
500      0.0318464        97.1337       0.068173
 10     3.4734e-05     3.3346e-05     2.7766e-05
 25     4.7461e-05    0.000812392    0.000158688
 75    0.000292939      0.0452639     0.00154167
100    0.000491451       0.134785     0.00279586
150     0.00122991       0.648981     0.00624951
200     0.00247177        2.18379      0.0110652
300      0.0072003        11.7011      0.0246269
500      0.0303271         94.916        0.06839
 10      3.149e-05     3.2947e-05     2.8301e-05
 25     4.7359e-05     0.00081556    0.000157073
 75    0.000282188      0.0452716     0.00153674
100    0.000481696       0.138109     0.00278422
150       0.001219       0.641836     0.00627084
200     0.00246103        2.16519      0.0112471
300     0.00720708        11.7386      0.0246266
500      0.0304419        95.5138      0.0678808
 10     3.4032e-05     3.3958e-05     2.8233e-05
 25     5.0445e-05    0.000810744    0.000157636
 75    0.000276387      0.0459372     0.00154925
100    0.000507795       0.134936     0.00279187
150     0.00132902       0.644244     0.00625102
200     0.00246134        2.18229      0.0113815
300     0.00740422        11.8394       0.024643
500       0.030328        93.9205      0.0678646
 10     3.3037e-05     3.3779e-05     2.7891e-05
 25     5.1579e-05    0.000815374    0.000156036
 75    0.000287801      0.0450629     0.00153387
100    0.000482262       0.135849     0.00278699
150     0.00121253        0.62688     0.00624243
200     0.00246723        2.16813      0.0110461
300     0.00719536         11.829      0.0248348
500        0.03046        95.4276      0.0678758
 10      3.445e-05     3.3502e-05     2.8368e-05
 25     5.1343e-05    0.000809684    0.000156596
 75    0.000278502      0.0451061      0.0015372
100    0.000491026       0.135178     0.00280002
150      0.0012385       0.654004     0.00626082
200     0.00245193        2.18723      0.0110678
300     0.00720616         11.827      0.0246419
500      0.0304245        95.8115      0.0686348
 10      3.449e-05     4.2709e-05     2.7801e-05
 25     4.8227e-05    0.000806447    0.000157754
 75    0.000290761      0.0474128     0.00153343
100    0.000502442       0.137888     0.00287654
150     0.00125293       0.660341     0.00624671
200     0.00246361        2.17893      0.0110592
300     0.00720281         11.815      0.0251982
500      0.0303665        94.7827       0.067998
 10     3.5022e-05     3.4034e-05     2.7446e-05
 25     5.0581e-05    0.000802599    0.000165449
 75    0.000269521      0.0468212      0.0015387
100    0.000484754       0.135232     0.00279551
150     0.00121908       0.650263     0.00624804
200     0.00247833        2.14517       0.011072
300     0.00752359        11.7798      0.0248078
500      0.0303586        95.9663      0.0849261
 10     4.0842e-05     4.1311e-05     3.3808e-05
 25     6.1113e-05     0.00100403    0.000196843
 75    0.000329711      0.0540943       0.001808
100    0.000562847       0.162728     0.00317768
150     0.00139109        0.65675     0.00626102
200     0.00250138        2.15286      0.0110392
300     0.00722048        11.7462      0.0247459
500      0.0303586        95.1402      0.0695971
 10      4.477e-05     3.7519e-05     2.8089e-05
 25     5.8487e-05    0.000841537    0.000158541
 75    0.000321507      0.0453219     0.00153717
100    0.000486614       0.137534     0.00278996
150     0.00122375       0.633108     0.00618991
200     0.00237006        2.17445      0.0110849
300     0.00719547          11.68      0.0246398
500      0.0303314        94.4784      0.0700447
 10     3.5969e-05      3.527e-05     2.8453e-05
 25     5.0847e-05    0.000847755    0.000161907
 75    0.000274397      0.0465225     0.00158157
100    0.000501378       0.143473     0.00287459
150     0.00124872       0.629451      0.0062544
200     0.00245257        2.17811      0.0110506
300     0.00721674        11.8254      0.0246741
500       0.034284        94.8832      0.0682577
 10     3.6334e-05     5.7371e-05     3.1192e-05
 25     5.3796e-05    0.000815362    0.000156751
 75    0.000282473      0.0495028     0.00185056
100    0.000576055       0.142761     0.00278537
150     0.00121189       0.631904     0.00625336
200     0.00248301        2.19616      0.0110499
300     0.00722086        11.7178      0.0252872
500       0.030473        94.5194      0.0680769
 10     3.3761e-05     3.4039e-05     3.0173e-05
 25     4.8885e-05    0.000802711    0.000161686
 75    0.000316984      0.0452123     0.00153233
100    0.000497534       0.137799     0.00278477
150     0.00122003       0.664722     0.00625537
200     0.00246948        2.10973      0.0110561
300     0.00725263        11.8099      0.0247001
500      0.0302743         93.929      0.0680385
 10     3.2881e-05     3.4478e-05     2.8033e-05
 25     5.1292e-05    0.000808642    0.000169323
 75     0.00027514      0.0453532     0.00154018
100    0.000491553       0.136198     0.00278426
150     0.00121337       0.643977      0.0060656
200     0.00245133        2.18718       0.011065
300     0.00722392        11.6993      0.0246345
500      0.0304453        98.1092      0.0700321
 10     3.4232e-05     3.5631e-05     2.8179e-05
 25      5.275e-05    0.000835475    0.000160606
 75    0.000281378        0.04615      0.0015455
100    0.000484106       0.136618     0.00280607
150     0.00123313       0.651087      0.0061035
200     0.00239783        2.13281      0.0107171
300     0.00712519        11.8761      0.0240285
500      0.0301432        94.5632       0.069413
