8000000
      2.1500000     -1.6096733      1.1420829    -0.20894949      1.8245395     0.83568235
      2.1600000     -1.5980513      1.1885218    -0.20680248      2.1799344     0.82731845
      2.1700000     -1.5860742      1.2310646    -0.20442664      2.5373282     0.81850418
      2.1800000     -1.5734519      1.2849078    -0.20201820      3.0730092     0.80842564
      2.1900000     -1.5602872      1.3443420    -0.19928835      3.8183414     0.79732957
      2.2000000     -1.5466341      1.4100375    -0.19715494      4.8703487     0.78501894
      2.2100000     -1.5320728      1.4874349    -0.19247356      6.1355359     0.77072076
      2.2200000     -1.5165988      1.5795579    -0.18804931      8.6019995     0.75374972
      2.2300000     -1.4996608      1.7142988    -0.15727423      14.347721     0.73124613
      2.2400000     -1.4817894      1.8611585    0.069150032      21.966851     0.70489936
      2.2500000     -1.4636568      1.9916811    0.095128716      31.820455     0.67590243
      2.2600000     -1.4425502      2.1725222    -0.11559954      49.606322     0.63249806
      2.2700000     -1.4198798      2.3024654   -0.038355790      70.553760     0.57835627
      2.2800000     -1.3965081      2.3594208   -0.012686628      90.438576     0.51513410
      2.2900000     -1.3718333      2.2887203    0.053265154      103.84496     0.43886192
      2.3000000     -1.3515716      2.1232544   0.0045676698      102.48635     0.38395762
      2.3100000     -1.3303695      1.9289427  -0.0026978439      94.196557     0.32152498
      2.3200000     -1.3125753      1.7451337    0.010078515      81.269675     0.27827732
      2.3300000     -1.2960700      1.5952012  -0.0026913915      68.968195     0.24365559
      2.3400000     -1.2803768      1.4765485  -0.0061836930      56.684969     0.21381986
      2.3500000     -1.2662207      1.3987618  -0.0043116716      48.310310     0.19143779
      2.3600000     -1.2525251      1.3227355   0.0015570271      40.721429     0.17348132
      2.3700000     -1.2397002      1.2641076  -0.0024966995      34.860153     0.15840796
