8000000
      2.1000000     -1.6621171     0.95908359  2.2039167E-05     0.93735585     0.86881063
      2.1100000     -1.6522727     0.99147104  0.00017173090      1.0595984     0.86304119
      2.1200000     -1.6422371      1.0240136 -6.0817361E-06      1.1868411     0.85698825
      2.1300000     -1.6317025      1.0647723  0.00017293715      1.4047555     0.85029875
      2.1400000     -1.6209731      1.1028448  3.9517292E-05      1.5707996     0.84336906
      2.1500000     -1.6097023      1.1426688 -9.4189583E-06      1.8413435     0.83566744
      2.1600000     -1.5981866      1.1816711 -1.1637083E-05      2.1608670     0.82751453
      2.1700000     -1.5860400      1.2335191 -0.00015338583      2.5295948     0.81845931
      2.1800000     -1.5733357      1.2882518    -0.10393564      3.4038091     0.80809650
      2.1900000     -1.5601264      1.3498075    -0.19937561      3.8340397     0.79702130
      2.2000000     -1.5466308      1.4106238    -0.19603569      4.6838403     0.78507330
      2.2100000     -1.5317700      1.4962964   -0.050468979      6.7211349     0.76984373
      2.2200000     -1.5165993      1.5796016    0.039327220      8.6513486     0.75359030
      2.2300000     -1.5005786      1.6726184    0.021113066      11.669308     0.73439157
      2.2400000     -1.4826824      1.8124255   -0.011655778      17.055466     0.70898903
      2.2500000     -1.4642287      1.9303074   -0.046748620      23.562864     0.68031349
      2.2600000     -1.4438461      2.0671551    0.028834375      32.801445     0.64315417
      2.2700000     -1.4219912      2.1903545   -0.063769077      44.291177     0.59741987
      2.2800000     -1.4003901      2.2225655  -0.0055191156      52.824648     0.55073242
      2.2900000     -1.3785415      2.2035449    0.066838874      59.319961     0.50021395
      2.3000000     -1.3571129      2.1102792    0.027323359      62.094605     0.44898816
      2.3100000     -1.3360026      1.9876215  -0.0064673331      61.680146     0.39642601
      2.3200000     -1.3177538      1.8391999  -0.0031198928      57.952776     0.35608238
      2.3300000     -1.2999398      1.6967922  -0.0066771140      53.206791     0.31598935
      2.3400000     -1.2832978      1.5686854   0.0040506974      47.204749     0.28125259
      2.3500000     -1.2684229      1.4639916  0.00049243062      41.651813     0.25501716
      2.3600000     -1.2540751      1.3693170  -0.0023484509      36.171196     0.23033614
      2.3700000     -1.2408495      1.3046736  -0.0024614019      32.083293     0.21324712
      2.3800000     -1.2280523      1.2390546  9.2596389E-05      27.897395     0.19489512
      2.3900000     -1.2158958      1.1893534   0.0032439264      24.686477     0.18066448
      2.4000000     -1.2043685      1.1372669   0.0010896700      22.040641     0.16986516
