6000000
      2.0000000     -1.7455127     0.72577107    -0.22783683     0.38847150     0.91125176
      2.0500000     -1.7067702     0.83093308    -0.22323069     0.57906050     0.89275196
      2.1000000     -1.6620528     0.96350903    -0.21730060     0.93479904     0.86875677
      2.1500000     -1.6096032      1.1459736    -0.15476490      1.9724987     0.83537920
      2.2000000     -1.5460675      1.4219743    -0.25789006      5.0047786     0.78368975
      2.2500000     -1.4653930      1.8360639   -0.010715264      15.072647     0.68876829
      2.3000000     -1.3676766      1.9990878  -0.0017052131      29.100803     0.52806536
      2.3500000     -1.2770022      1.5953092   -0.013326109      27.844087     0.36256024
      2.4000000     -1.2076173      1.2089360  -0.0025318646      18.834327     0.25522742
      2.4500000     -1.1526480     0.99964811  0.00088675250      12.446849     0.19594068
