16000000
      2.1700000     -1.5860300      1.2338619    -0.20456737      2.5465939     0.81839810
      2.1800000     -1.5734681      1.2867951    -0.20187462      3.1248916     0.80841732
      2.1900000     -1.5603660      1.3426507    -0.19936631      3.7238102     0.79752999
      2.2000000     -1.5463640      1.4193901    -0.19601223      4.9724770     0.78438867
      2.2100000     -1.5319911      1.4944485    -0.19247468      6.4797548     0.77046441
      2.2200000     -1.5168079      1.5726759    -0.18866989      8.3072980     0.75429959
      2.2300000     -1.5000845      1.7055827    -0.18397886      13.944328     0.73260915
      2.2400000     -1.4824314      1.8578395    -0.38327345      23.443993     0.70653260
      2.2500000     -1.4632143      2.0162124    -0.20186587      37.296299     0.67311008
      2.2600000     -1.4417520      2.2340478   0.0086671591      64.134708     0.62575127
      2.2700000     -1.4180954      2.4314304   -0.020924551      106.08057     0.56010447
      2.2800000     -1.3936376      2.4876073    0.014719409      146.19569     0.48000836
      2.2900000     -1.3692385      2.3100418    0.018832968      153.93820     0.39634895
      2.3000000     -1.3477280      2.0798436    0.019500210      142.56469     0.32731702
      2.3100000     -1.3281502      1.8400704  -0.0048650125      118.74312     0.27039830
      2.3200000     -1.3104819      1.6706212   0.0016536426      95.714925     0.22706794
      2.3300000     -1.2943733      1.5405858   0.0054057643      76.576327     0.19241359
      2.3400000     -1.2795135      1.4424211  -0.0010093312      61.745161     0.17014394
      2.3500000     -1.2655879      1.3658536   0.0020790219      50.956505     0.15283182
      2.3600000     -1.2523038      1.3048464  0.00049947251      42.334809     0.13832587
