time=0.100049999999997
datapoints=101
0
-0.00941033150418339
-0.0164603817416836
-0.0234969615086716
-0.0305143017430587
-0.0375066377398805
-0.0444682105399279
-0.0513932683820817
-0.0582760682334608
-0.0651108774111321
-0.071891975308702
-0.0786136552406108
-0.0852702264163996
-0.0918560160565962
-0.0983653716611925
-0.104792663440949
-0.111132286920974
-0.117378665725176
-0.123526254549313
-0.129569542329403
-0.135503055611281
-0.141321362126091
-0.147019074575393
-0.152590854628524
-0.158031417133678
-0.163335534543069
-0.168498041551318
-0.173513839945072
-0.178377903660607
-0.183085284044992
-0.187631115315163
-0.192010620208033
-0.196219115813577
-0.200252019581594
-0.204104855491703
-0.207773260374929
-0.211252990374124
-0.214539927529325
-0.217630086473101
-0.220519621219882
-0.223204832032284
-0.225682172346483
-0.227948255737817
-0.229999862906933
-0.231833948666058
-0.233447648904238
-0.234838287509764
-0.236003383227449
-0.236940656427922
-0.237648035765717
-0.238123664702601
-0.238365907872374
-0.238373357263204
-0.238144838193542
-0.23767941505767
-0.236976396817111
-0.236035342214314
-0.234856064685416
-0.233438636949254
-0.231783395250352
-0.229890943234236
-0.227762155434101
-0.225398180348721
-0.222800443092335
-0.219970647598269
-0.216910778359116
-0.21362310168745
-0.2101101664823
-0.206374804487912
-0.202420130032738
-0.198249539238002
-0.193866708686774
-0.189275593545973
-0.184480425135438
-0.179485707939781
-0.17429621606053
-0.168916989107729
-0.163353327532
-0.157610787399795
-0.151695174616409
-0.145612538603075
-0.139369165436303
-0.132971570459373
-0.126426490377686
-0.119740874851384
-0.112921877600392
-0.105976847038676
-0.0989133164561414
-0.0917389937681602
-0.0844617508542123
-0.0770896125085725
-0.0696307450273259
-0.0620934444572842
-0.0544861245335676
-0.0468173043337208
-0.0390955956772454
-0.0313296903003348
-0.0235283468364053
-0.015700377633712
-0.00785463544192345
0
time=0.400049999999964
datapoints=101
0
-0.000525134409949793
-0.000918470421686129
-0.00131090604552639
-0.00170205657189875
-0.00209153855093855
-0.00247897016836273
-0.00286397161974142
-0.00324616548280003
-0.00362517708738682
-0.00400063488274349
-0.00437217080171889
-0.00473942062156882
-0.00510202432098843
-0.00545962643302722
-0.00581187639354092
-0.00615842888483855
-0.00649894417418803
-0.0068330884468485
-0.00716053413330294
-0.0074809602303704
-0.00779405261588307
-0.0080995043566198
-0.00839701600919412
-0.00868629591360202
-0.00896706047914157
-0.0092390344624242
-0.00950195123720501
-0.00975555305576778
-0.00999959130160813
-0.0102338267331675
-0.0104580297183783
-0.0106719804597916
-0.0108754692100647
-0.0110682964775988
-0.0112502732221249
-0.0114212210400455
-0.0115809723393506
-0.011729370503937
-0.0118662700471686
-0.0119915367545284
-0.0121050478152211
-0.0122066919425977
-0.0122963694832842
-0.0123739925149066
-0.0124394849323167
-0.0124927825222345
-0.0125338330262322
-0.0125625961920009
-0.0125790438128457
-0.0125831597553746
-0.0125749399753498
-0.0125543925216893
-0.012521537528612
-0.0124764071959356
-0.0124190457575456
-0.0123495094380664
-0.0122678663977774
-0.0121741966658263
-0.0120685920618074
-0.0119511561057791
-0.0118220039168112
-0.0116812621001584
-0.0115290686231742
-0.0113655726800824
-0.0111909345457428
-0.0110053254185517
-0.0108089272526316
-0.0106019325794755
-0.0103845443192197
-0.0101569755817299
-0.00991944945769617
-0.0096721987999414
-0.00941546599515714
-0.00914950272629095
-0.00887456972581809
-0.00859093652013939
-0.00829888116535576
-0.00799868997467865
-0.00769065723774329
-0.00737508493210031
-0.00705228242716823
-0.00672256618093735
-0.00638625942972229
-0.00604369187126735
-0.00569519934151551
-0.00534112348535788
-0.00498181142168663
-0.00461761540307958
-0.00424889247045048
-0.00387600410300334
-0.00349931586383423
-0.00311919704152809
-0.00273602028810196
-0.00235016125364967
-0.00196199821804638
-0.00157191172007406
-0.00118028418433164
-0.000787499546295755
-0.000393942875899723
0
