time=0.100049999999997
datapoints=101
0
-0.00770870930695377
-0.0147687935494405
-0.021816679282728
-0.0288465362144948
-0.0358525385048402
-0.0428288662781319
-0.0497697071942049
-0.0566692580928855
-0.0635217267254628
-0.0703213335863152
-0.0770623138574214
-0.0837389194779408
-0.0903454213504443
-0.0968761116947113
-0.103325306559287
-0.109687348500219
-0.11595660943555
-0.122127493683292
-0.12819444118963
-0.134151930953194
-0.139994484650159
-0.145716670463943
-0.15131310712214
-0.156778468142235
-0.162107486286517
-0.167294958225397
-0.172335749407219
-0.177224799131407
-0.181957125820613
-0.186527832486309
-0.190932112381077
-0.195165254829613
-0.199222651229311
-0.203099801210071
-0.206792318941855
-0.21029593957733
-0.213606525815891
-0.21672007457423
-0.219632723747613
-0.222340759045033
-0.224840620880456
-0.227128911301507
-0.229202400936086
-0.231058035936661
-0.232692944901267
-0.234104445749618
-0.23529005253216
-0.236247482149444
-0.236974660958762
-0.237469731244706
-0.237731057530048
-0.237757232703223
-0.237547083938632
-0.237099678386032
-0.236414328605409
-0.235490597723975
-0.234328304292243
-0.232927526816567
-0.231288607946051
-0.229412158292354
-0.227299059861611
-0.224950469078514
-0.222367819383475
-0.219552823384775
-0.216507474548701
-0.21323404841177
-0.209735103300438
-0.206013480544935
-0.202072304175301
-0.197914980089093
-0.193545194681795
-0.188966912932461
-0.184184375938804
-0.179202097897541
-0.174024862527544
-0.168657718935047
-0.163105976921934
-0.157375201739879
-0.151471208294924
-0.145400054808826
-0.139168035945325
-0.132781675411236
-0.126247718044015
-0.119573121399203
-0.112765046852814
-0.105830850235416
-0.0987780720162368
-0.0916144270572097
-0.0843477939583316
-0.0769862040171609
-0.0695378298266175
-0.0620109735365269
-0.054414054805535
-0.0467555984711167
-0.0390442219664059
-0.0312886225134726
-0.0234975641234752
-0.0156798644348031
-0.00784438142090984
0
time=0.400049999999964
datapoints=101
0
-0.0004232671606415
-0.000810853797943142
-0.00119764169023914
-0.00158324982562378
-0.00196729835425367
-0.00234940896250094
-0.00272920524559361
-0.00310631307837618
-0.00348036098382552
-0.00385098049895884
-0.00421780653777372
-0.00458047775086257
-0.00493863688134753
-0.00529193111678506
-0.00564001243669401
-0.00598253795536458
-0.0063191702596107
-0.00664957774113326
-0.00697343492316676
-0.00729042278108764
-0.00760022905666867
-0.00790254856566974
-0.00819708349846211
-0.00848354371339015
-0.00876164702258138
-0.00903111946992354
-0.0092916956009346
-0.00954311872426013
-0.00978514116454023
-0.010017524506397
-0.0102400398293023
-0.0104524679330938
-0.0106545995539184
-0.0108462355703886
-0.0110271871997501
-0.0111972761838668
-0.0113563349648391
-0.0115042068500845
-0.0116407461667152
-0.0117658184050628
-0.0118793003512072
-0.0119810802083796
-0.0120710577071199
-0.0121491442040797
-0.012215262769374
-0.0122693482623938
-0.0123113473960075
-0.0123412187890853
-0.0123589330072956
-0.0123644725921338
-0.0123578320781533
-0.0123390179983832
-0.0123080488779255
-0.0122649552157402
-0.0122097794546332
-0.0121425759394796
-0.0120634108637209
-0.01197236220419
-0.0118695196443279
-0.0117549844858668
-0.0116288695490683
-0.0114912990616124
-0.0113424085362491
-0.0111823446373306
-0.0110112650363585
-0.0108293382566846
-0.0106367435075213
-0.0104336705074232
-0.0102203192974146
-0.00999690004394652
-0.00976363283187733
-0.00952074744768088
-0.00926848315309586
-0.00900708844943901
-0.00873682083281457
-0.00845794654046091
-0.00817074028848433
-0.00787548500123833
-0.00757247153261489
-0.00726199837952246
-0.00694437138783279
-0.00661990345108635
-0.00628891420225321
-0.00595172969885301
-0.00560868210174437
-0.00526010934789997
-0.00490635481749008
-0.00454776699560221
-0.00418469912893044
-0.00381750887777258
-0.00344655796367811
-0.00307221181309416
-0.00269483919736048
-0.00231481186940839
-0.00193250419752155
-0.00154829279651947
-0.00116255615672724
-0.000775674271097044
-0.000388028260848984
0
