time=0.10005
datapoints=101
0
-0.00707075908315905
-0.0141297982834408
-0.0211888374837225
-0.0282127289219561
-0.0352366203601896
-0.0422019722822362
-0.0491673242042828
-0.0560508066064607
-0.0629342890086386
-0.0697126615453356
-0.0764910340820327
-0.0831411771069374
-0.0897913201318421
-0.0962902696636949
-0.102789219195548
-0.109114206522792
-0.115439193850037
-0.121567690397211
-0.127696186944386
-0.133605954917707
-0.139515722891028
-0.145184872102781
-0.150854021314534
-0.15626107245715
-0.161668123599766
-0.166792078102609
-0.171916032605451
-0.17673644906229
-0.181556865519129
-0.186053942524121
-0.190551019529113
-0.194705684606052
-0.198860349682992
-0.20265435383902
-0.206448357995047
-0.209864375278266
-0.213280392561484
-0.216302123854563
-0.219323855147642
-0.221936135288983
-0.224548415430324
-0.226737322623169
-0.228926229816013
-0.230679196166487
-0.23243216251696
-0.233738084436752
-0.235044006356544
-0.235893353476964
-0.236742700597385
-0.237127621770918
-0.23751254294445
-0.237426967859411
-0.237341392774371
-0.236781127679489
-0.236220862584607
-0.235183678614372
-0.234146494644138
-0.23263220725362
-0.231117919863103
-0.229128457923028
-0.227138995982954
-0.224678459152348
-0.222217922321743
-0.21929262540601
-0.216367328490277
-0.212985831606502
-0.209604334722726
-0.205777458230118
-0.201950581737511
-0.197691405047577
-0.193432228357644
-0.188756071913988
-0.184079915470331
-0.17900430537946
-0.17392869528859
-0.168473310288124
-0.163017925287658
-0.157204525953691
-0.151391126619723
-0.145243466937671
-0.13909580725562
-0.132639528905034
-0.126183250554449
-0.119445760484394
-0.11270827041434
-0.105718602508365
-0.0987289346023908
-0.0915175964470462
-0.0843062582917016
-0.0769050642664137
-0.0695038702411257
-0.0619457623364921
-0.0543876544318586
-0.0467065123748
-0.0390253703177413
-0.0312558127324425
-0.0234862551471437
-0.0156634336076867
-0.00784061206822981
0
time=0.40005
datapoints=101
0
-0.000385672711438434
-0.000770584402102935
-0.00115549609276744
-0.0015381277242556
-0.00192075935574377
-0.00229960088724158
-0.00267844241873938
-0.00305199876596678
-0.00342555511319417
-0.0037923520483439
-0.00415914898349362
-0.00451773895288647
-0.00487632892227931
-0.00522529675878316
-0.005574264595287
-0.00591223310296196
-0.00625020161063691
-0.00657583699957232
-0.00690147238850773
-0.00721348953840742
-0.00752550668830711
-0.0078226742200542
-0.00811984175180129
-0.00840098688699088
-0.00868213202218048
-0.00894614521144435
-0.00921015840070822
-0.00945599770256712
-0.00970183700442602
-0.00992853219738884
-0.0101552273903517
-0.0103618838020323
-0.0105685402137128
-0.0107543422518513
-0.0109401442899898
-0.0111043586614406
-0.0112685730328913
-0.01141055163787
-0.0115525302428488
-0.0116717127330126
-0.0117908952231764
-0.0118868112134356
-0.0119827272036949
-0.0120549981290224
-0.0121272690543498
-0.012175609664252
-0.0122239502741543
-0.0122481697589011
-0.0122723892436479
-0.0122723919878066
-0.0122723947319653
-0.0122481806922588
-0.0122239666525523
-0.0121756313585418
-0.0121272960645314
-0.0120550302421123
-0.0119827644196933
-0.0118868532388832
-0.0117909420580731
-0.0116717640080513
-0.0115525859580295
-0.011410611353862
-0.0112686367496944
-0.0111044258766288
-0.0109402150035632
-0.0107544159062122
-0.0105686168088612
-0.0103619627339925
-0.0101553086591238
-0.0099286151621443
-0.00970192166516482
-0.00945608339171404
-0.00921024511826325
-0.00894623227361368
-0.00868221942896411
-0.00840107394916021
-0.00811992846935632
-0.00782275990920111
-0.0075255913490459
-0.00721357250316288
-0.00690155365727986
-0.00657591593153257
-0.00625027820578529
-0.00591230675732283
-0.00557433530886038
-0.00522536397397139
-0.0048763926390824
-0.00451779866887839
-0.00415920469867437
-0.00379240332338264
-0.0034256019480909
-0.00305204079141435
-0.00267847963473779
-0.00229963300033156
-0.00192078636592533
-0.00153814941854539
-0.00115551247116546
-0.000770595335460622
-0.000385678199755788
0
