-6.136994748563385E-03    6.400251785464814E-03     8.980927526622762E-05     -0.0026494727637813758    -0.001871358654242661     7.956578293633129e-05     
3.448286945397090E-01     1.982237326405403E-02     -3.100799029210739E-02    2.379912448765445         10.725821466078898        1.0947689049010385        
-2.968915789887001E-01    6.630966796447800E-01     2.587996637070751E-02     -6.7825777259587845       -3.0342357880693487       0.34970986326854275       
8.828715653033117E-01     4.550105929639023E-01     6.580759847212700E-05     -2.9383264836199214       5.585498270653742         6.632961782072943e-05     
1.288580377277156E+00     5.941894116866377E-01     -1.935369374806499E-02    -1.9199738869032665       5.0883811563970855        0.1537874752133822        
2.582379660496448E+00     -4.411994195298710E+00    -3.947268994900746E-02    2.3446719309399704        1.523350680900857         -0.058757403089213275     
5.161903327466562E+00     -8.552248840169979E+00    -5.679940830615153E-02    1.6307777202741012        1.0475606913305047        -0.08307362135289881      
1.552498375636359E+01     1.225688959568361E+01     -1.556058511277158E-01    -0.9007305237375667       1.0605651669072798        0.015609025303012647      
2.941449335969677E+01     -5.452657822521071E+00    -5.656000238986245E-01    0.20145309937751293       1.1340465525883665        -0.028145944110624387     
1.383943680931634E+01     -3.119680410806304E+01    -6.649528938194094E-01    1.0712521577743255        0.21769020369771774       -0.3309796035153427       
