0.0                       0.0                       0.0                       0.0                       0.0                       0.0                       
8.061877929351471E-01     5.802273614881291E-01     -2.666668682363211E-05    -3.7726883269403153       5.074076154195461         -0.00028733958750765684   
2.646123768440825E+00     -4.380425352290624E+00    -4.100914895356256E-02    2.328033398395698         1.5568385410366303        -0.05855898242385436      
1.242178126363345E+00     7.106143575229087E-01     -1.558066587892085E-02    -2.342698134919401        4.872623360937962         0.15958253758502336       
-4.466856079590660E-01    5.616772801528789E-01     3.348438039642705E-02     -5.807753275449143        -4.638491533167777        0.27148852486674635       
5.208235825551831E+00     -8.532685425560988E+00    -5.893886379981099E-02    1.6287035242963095        1.0581472501484321        -0.08330634482646898      
1.942597755447852E-01     2.452074403211504E-01     2.217538818265255E-03     -10.094823167277264       6.803435296255798         1.4819598047753773        
1.550896727364061E+01     1.227665037314308E+01     -1.553126039282825E-01    -0.900029920263172        1.0609163065342062        0.015563319918996652      
2.942564426298276E+01     -5.431062747147472E+00    -5.663814019799186E-01    0.20288576068485095       1.1363538858548246        -0.027908798954309103     
1.387211961745333E+01     -3.119772685019478E+01    -6.732613111947625E-01    1.080727682216168         0.2254090223602045        -0.33546395156427533      
