1 -8 80 4 16 4 20 16 0
2 -8 72 4 16 4 18 8 0
3 -8 69.3333333 4 16 4 17.3333333 5.33333333 0
4 -8 68 4 16 4 17 4 0
5 -8 67.2 4 16 4 16.8 3.2 0
6 -8 66.6666667 4 16 4 16.6666667 2.66666667 0
7 -8 66.2857143 4 16 4 16.5714286 2.28571429 0
8 -8 66 4 16 4 16.5 2 0
9 -8 65.7777778 4 16 4 16.4444444 1.77777778 0
10 -8 65.6 4 16 4 16.4 1.6 0
11 -8 65.4545455 4 16 4 16.3636364 1.45454545 0
12 -8 65.3333333 4 16 4 16.3333333 1.33333333 0
13 -8 65.2307692 4 16 4 16.3076923 1.23076923 0
14 -8 65.1428571 4 16 4 16.2857143 1.14285714 0
15 -8 65.0666667 4 16 4 16.2666667 1.06666667 0
16 -8 65 4 16 4 16.25 1 0
17 -8 64.9411765 4 16 4 16.2352941 0.941176471 0
18 -8 64.8888889 4 16 4 16.2222222 0.888888889 0
19 -8 64.8421053 4 16 4 16.2105263 0.842105263 0
20 -8 64.8 4 16 4 16.2 0.8 0
21 -8 64.7619048 4 16 4 16.1904762 0.761904762 0
22 -8 64.7272727 4 16 4 16.1818182 0.727272727 0
23 -8 64.6956522 4 16 4 16.173913 0.695652174 0
24 -8 64.6666667 4 16 4 16.1666667 0.666666667 0
25 -8 64.64 4 16 4 16.16 0.64 0
26 -8 64.6153846 4 16 4 16.1538462 0.615384615 0
27 -8 64.5925926 4 16 4 16.1481481 0.592592593 0
28 -8 64.5714286 4 16 4 16.1428571 0.571428571 0
29 -8 64.5517241 4 16 4 16.137931 0.551724138 0
30 -8 64.5333333 4 16 4 16.1333333 0.533333333 0
31 -8 64.516129 4 16 4 16.1290323 0.516129032 0
32 -8 64.5 4 16 4 16.125 0.5 0
33 -8 64.4848485 4 16 4 16.1212121 0.484848485 0
34 -8 64.4705882 4 16 4 16.1176471 0.470588235 0
35 -8 64.4571429 4 16 4 16.1142857 0.457142857 0
36 -8 64.4444444 4 16 4 16.1111111 0.444444444 0
37 -8 64.4324324 4 16 4 16.1081081 0.432432432 0
38 -8 64.4210526 4 16 4 16.1052632 0.421052632 0
39 -8 64.4102564 4 16 4 16.1025641 0.41025641 0
40 -8 64.4 4 16 4 16.1 0.4 0
41 -8 64.3902439 4 16 4 16.097561 0.390243902 0
42 -8 64.3809524 4 16 4 16.0952381 0.380952381 0
43 -8 64.372093 4 16 4 16.0930233 0.372093023 0
44 -8 64.3636364 4 16 4 16.0909091 0.363636364 0
45 -8 64.3555556 4 16 4 16.0888889 0.355555556 0
46 -8 64.3478261 4 16 4 16.0869565 0.347826087 0
47 -8 64.3404255 4 16 4 16.0851064 0.340425532 0
48 -8 64.3333333 4 16 4 16.0833333 0.333333333 0
49 -8 64.3265306 4 16 4 16.0816327 0.326530612 0
50 -8 64.32 4 16 4 16.08 0.32 0
51 -8 64.3137255 4 16 4 16.0784314 0.31372549 0
52 -8 64.3076923 4 16 4 16.0769231 0.307692308 0
53 -8 64.3018868 4 16 4 16.0754717 0.301886792 0
54 -8 64.2962963 4 16 4 16.0740741 0.296296296 0
55 -8 64.2909091 4 16 4 16.0727273 0.290909091 0
56 -8 64.2857143 4 16 4 16.0714286 0.285714286 0
57 -8 64.2807018 4 16 4 16.0701754 0.280701754 0
58 -8 64.2758621 4 16 4 16.0689655 0.275862069 0
59 -8 64.2711864 4 16 4 16.0677966 0.271186441 0
60 -8 64.2666667 4 16 4 16.0666667 0.266666667 0
61 -8 64.2622951 4 16 4 16.0655738 0.262295082 0
62 -8 64.2580645 4 16 4 16.0645161 0.258064516 0
63 -8 64.2539683 4 16 4 16.0634921 0.253968254 0
64 -8 64.25 4 16 4 16.0625 0.25 0
65 -8 64.2461538 4 16 4 16.0615385 0.246153846 0
66 -8 64.2424242 4 16 4 16.0606061 0.242424242 0
67 -8 64.238806 4 16 4 16.0597015 0.23880597 0
68 -8 64.2352941 4 16 4 16.0588235 0.235294118 0
69 -8 64.2318841 4 16 4 16.057971 0.231884058 0
70 -8 64.2285714 4 16 4 16.0571429 0.228571429 0
71 -8 64.2253521 4 16 4 16.056338 0.225352113 0
72 -8 64.2222222 4 16 4 16.0555556 0.222222222 0
73 -8 64.2191781 4 16 4 16.0547945 0.219178082 0
74 -8 64.2162162 4 16 4 16.0540541 0.216216216 0
75 -8 64.2133333 4 16 4 16.0533333 0.213333333 0
76 -8 64.2105263 4 16 4 16.0526316 0.210526316 0
77 -8 64.2077922 4 16 4 16.0519481 0.207792208 0
78 -8 64.2051282 4 16 4 16.0512821 0.205128205 0
79 -8 64.2025316 4 16 4 16.0506329 0.202531646 0
80 -8 64.2 4 16 4 16.05 0.2 0
81 -8 64.1975309 4 16 4 16.0493827 0.197530864 0
82 -8 64.195122 4 16 4 16.0487805 0.195121951 0
83 -8 64.1927711 4 16 4 16.0481928 0.192771084 0
84 -8 64.1904762 4 16 4 16.047619 0.19047619 0
85 -8 64.1882353 4 16 4 16.0470588 0.188235294 0
86 -8 64.1860465 4 16 4 16.0465116 0.186046512 0
87 -8 64.183908 4 16 4 16.045977 0.183908046 0
88 -8 64.1818182 4 16 4 16.0454545 0.181818182 0
89 -8 64.1797753 4 16 4 16.0449438 0.179775281 0
90 -8 64.1777778 4 16 4 16.0444444 0.177777778 0
91 -8 64.1758242 4 16 4 16.043956 0.175824176 0
92 -8 64.173913 4 16 4 16.0434783 0.173913043 0
93 -8 64.172043 4 16 4 16.0430108 0.172043011 0
94 -8 64.1702128 4 16 4 16.0425532 0.170212766 0
95 -8 64.1684211 4 16 4 16.0421053 0.168421053 0
96 -8 64.1666667 4 16 4 16.0416667 0.166666667 0
97 -8 64.1649485 4 16 4 16.0412371 0.164948454 0
98 -8 64.1632653 4 16 4 16.0408163 0.163265306 0
99 -8 64.1616162 4 16 4 16.040404 0.161616162 0
100 -8 64.16 4 16 4 16.04 0.16 0
101 -8 64.1584158 4 16 4 16.039604 0.158415842 0
102 -8 64.1568627 4 16 4 16.0392157 0.156862745 0
103 -8 64.1553398 4 16 4 16.038835 0.155339806 0
104 -8 64.1538462 4 16 4 16.0384615 0.153846154 0
105 -8 64.152381 4 16 4 16.0380952 0.152380952 0
106 -8 64.1509434 4 16 4 16.0377358 0.150943396 0
107 -8 64.1495327 4 16 4 16.0373832 0.14953271 0
108 -8 64.1481481 4 16 4 16.037037 0.148148148 0
109 -8 64.146789 4 16 4 16.0366972 0.146788991 0
110 -8 64.1454545 4 16 4 16.0363636 0.145454545 0
111 -8 64.1441441 4 16 4 16.036036 0.144144144 0
112 -8 64.1428571 4 16 4 16.0357143 0.142857143 0
113 -8 64.1415929 4 16 4 16.0353982 0.14159292 0
114 -8 64.1403509 4 16 4 16.0350877 0.140350877 0
115 -8 64.1391304 4 16 4 16.0347826 0.139130435 0
116 -8 64.137931 4 16 4 16.0344828 0.137931034 0
117 -8 64.1367521 4 16 4 16.034188 0.136752137 0
118 -8 64.1355932 4 16 4 16.0338983 0.13559322 0
119 -8 64.1344538 4 16 4 16.0336134 0.134453782 0
120 -8 64.1333333 4 16 4 16.0333333 0.133333333 0
121 -8 64.1322314 4 16 4 16.0330579 0.132231405 0
122 -8 64.1311475 4 16 4 16.0327869 0.131147541 0
123 -8 64.1300813 4 16 4 16.0325203 0.130081301 0
124 -8 64.1290323 4 16 4 16.0322581 0.129032258 0
125 -8 64.128 4 16 4 16.032 0.128 0
126 -8 64.1269841 4 16 4 16.031746 0.126984127 0
127 -8 64.1259843 4 16 4 16.0314961 0.125984252 0
128 -8 64.125 4 16 4 16.03125 0.125 0
129 -8 64.124031 4 16 4 16.0310078 0.124031008 0
130 -8 64.1230769 4 16 4 16.0307692 0.123076923 0
131 -8 64.1221374 4 16 4 16.0305344 0.122137405 0
132 -8 64.1212121 4 16 4 16.030303 0.121212121 0
133 -8 64.1203008 4 16 4 16.0300752 0.120300752 0
134 -8 64.119403 4 16 4 16.0298507 0.119402985 0
135 -8 64.1185185 4 16 4 16.0296296 0.118518519 0
136 -8 64.1176471 4 16 4 16.0294118 0.117647059 0
137 -8 64.1167883 4 16 4 16.0291971 0.116788321 0
138 -8 64.115942 4 16 4 16.0289855 0.115942029 0
139 -8 64.1151079 4 16 4 16.028777 0.115107914 0
140 -8 64.1142857 4 16 4 16.0285714 0.114285714 0
141 -8 64.1134752 4 16 4 16.0283688 0.113475177 0
142 -8 64.1126761 4 16 4 16.028169 0.112676056 0
143 -8 64.1118881 4 16 4 16.027972 0.111888112 0
144 -8 64.1111111 4 16 4 16.0277778 0.111111111 0
145 -8 64.1103448 4 16 4 16.0275862 0.110344828 0
146 -8 64.109589 4 16 4 16.0273973 0.109589041 0
147 -8 64.1088435 4 16 4 16.0272109 0.108843537 0
148 -8 64.1081081 4 16 4 16.027027 0.108108108 0
149 -8 64.1073826 4 16 4 16.0268456 0.10738255 0
150 -8 64.1066667 4 16 4 16.0266667 0.106666667 0
151 -8 64.1059603 4 16 4 16.0264901 0.105960265 0
152 -8 64.1052632 4 16 4 16.0263158 0.105263158 0
153 -8 64.1045752 4 16 4 16.0261438 0.104575163 0
154 -8 64.1038961 4 16 4 16.025974 0.103896104 0
155 -8 64.1032258 4 16 4 16.0258065 0.103225806 0
156 -8 64.1025641 4 16 4 16.025641 0.102564103 0
157 -8 64.1019108 4 16 4 16.0254777 0.101910828 0
158 -8 64.1012658 4 16 4 16.0253165 0.101265823 0
159 -8 64.1006289 4 16 4 16.0251572 0.100628931 0
160 -8 64.1 4 16 4 16.025 0.1 0
161 -8 64.0993789 4 16 4 16.0248447 0.099378882 0
162 -8 64.0987654 4 16 4 16.0246914 0.0987654321 0
163 -8 64.0981595 4 16 4 16.0245399 0.0981595092 0
164 -8 64.097561 4 16 4 16.0243902 0.0975609756 0
165 -8 64.0969697 4 16 4 16.0242424 0.096969697 0
166 -8 64.0963855 4 16 4 16.0240964 0.0963855422 0
167 -8 64.0958084 4 16 4 16.0239521 0.0958083832 0
168 -8 64.0952381 4 16 4 16.0238095 0.0952380952 0
169 -8 64.0946746 4 16 4 16.0236686 0.0946745562 0
170 -8 64.0941176 4 16 4 16.0235294 0.0941176471 0
171 -8 64.0935673 4 16 4 16.0233918 0.0935672515 0
172 -8 64.0930233 4 16 4 16.0232558 0.0930232558 0
173 -8 64.0924855 4 16 4 16.0231214 0.0924855491 0
174 -8 64.091954 4 16 4 16.0229885 0.091954023 0
175 -8 64.0914286 4 16 4 16.0228571 0.0914285714 0
176 -8 64.0909091 4 16 4 16.0227273 0.0909090909 0
177 -8 64.0903955 4 16 4 16.0225989 0.0903954802 0
178 -8 64.0898876 4 16 4 16.0224719 0.0898876404 0
179 -8 64.0893855 4 16 4 16.0223464 0.0893854749 0
180 -8 64.0888889 4 16 4 16.0222222 0.0888888889 0
181 -8 64.0883978 4 16 4 16.0220994 0.0883977901 0
182 -8 64.0879121 4 16 4 16.021978 0.0879120879 0
183 -8 64.0874317 4 16 4 16.0218579 0.087431694 0
184 -8 64.0869565 4 16 4 16.0217391 0.0869565217 0
185 -8 64.0864865 4 16 4 16.0216216 0.0864864865 0
186 -8 64.0860215 4 16 4 16.0215054 0.0860215054 0
187 -8 64.0855615 4 16 4 16.0213904 0.0855614973 0
188 -8 64.0851064 4 16 4 16.0212766 0.085106383 0
189 -8 64.0846561 4 16 4 16.021164 0.0846560847 0
190 -8 64.0842105 4 16 4 16.0210526 0.0842105263 0
191 -8 64.0837696 4 16 4 16.0209424 0.0837696335 0
192 -8 64.0833333 4 16 4 16.0208333 0.0833333333 0
193 -8 64.0829016 4 16 4 16.0207254 0.0829015544 0
194 -8 64.0824742 4 16 4 16.0206186 0.0824742268 0
195 -8 64.0820513 4 16 4 16.0205128 0.0820512821 0
196 -8 64.0816327 4 16 4 16.0204082 0.0816326531 0
197 -8 64.0812183 4 16 4 16.0203046 0.0812182741 0
198 -8 64.0808081 4 16 4 16.020202 0.0808080808 0
199 -8 64.080402 4 16 4 16.0201005 0.0804020101 0
200 -8 64.08 4 16 4 16.02 0.08 0
201 -8 64.079602 4 16 4 16.0199005 0.07960199 0
202 -8 64.0792079 4 16 4 16.019802 0.0792079208 0
203 -8 64.0788177 4 16 4 16.0197044 0.078817734 0
204 -8 64.0784314 4 16 4 16.0196078 0.0784313725 0
205 -8 64.0780488 4 16 4 16.0195122 0.0780487805 0
206 -8 64.0776699 4 16 4 16.0194175 0.0776699029 0
207 -8 64.0772947 4 16 4 16.0193237 0.077294686 0
208 -8 64.0769231 4 16 4 16.0192308 0.0769230769 0
209 -8 64.076555 4 16 4 16.0191388 0.0765550239 0
210 -8 64.0761905 4 16 4 16.0190476 0.0761904762 0
211 -8 64.0758294 4 16 4 16.0189573 0.0758293839 0
212 -8 64.0754717 4 16 4 16.0188679 0.0754716981 0
213 -8 64.0751174 4 16 4 16.0187793 0.0751173709 0
214 -8 64.0747664 4 16 4 16.0186916 0.0747663551 0
215 -8 64.0744186 4 16 4 16.0186047 0.0744186047 0
216 -8 64.0740741 4 16 4 16.0185185 0.0740740741 0
217 -8 64.0737327 4 16 4 16.0184332 0.0737327189 0
218 -8 64.0733945 4 16 4 16.0183486 0.0733944954 0
219 -8 64.0730594 4 16 4 16.0182648 0.0730593607 0
220 -8 64.0727273 4 16 4 16.0181818 0.0727272727 0
221 -8 64.0723982 4 16 4 16.0180995 0.07239819 0
222 -8 64.0720721 4 16 4 16.018018 0.0720720721 0
223 -8 64.0717489 4 16 4 16.0179372 0.0717488789 0
224 -8 64.0714286 4 16 4 16.0178571 0.0714285714 0
225 -8 64.0711111 4 16 4 16.0177778 0.0711111111 0
226 -8 64.0707965 4 16 4 16.0176991 0.0707964602 0
227 -8 64.0704846 4 16 4 16.0176211 0.0704845815 0
228 -8 64.0701754 4 16 4 16.0175439 0.0701754386 0
229 -8 64.069869 4 16 4 16.0174672 0.0698689956 0
230 -8 64.0695652 4 16 4 16.0173913 0.0695652174 0
231 -8 64.0692641 4 16 4 16.017316 0.0692640693 0
232 -8 64.0689655 4 16 4 16.0172414 0.0689655172 0
233 -8 64.0686695 4 16 4 16.0171674 0.0686695279 0
234 -8 64.0683761 4 16 4 16.017094 0.0683760684 0
235 -8 64.0680851 4 16 4 16.0170213 0.0680851064 0
236 -8 64.0677966 4 16 4 16.0169492 0.0677966102 0
237 -8 64.0675105 4 16 4 16.0168776 0.0675105485 0
238 -8 64.0672269 4 16 4 16.0168067 0.0672268908 0
239 -8 64.0669456 4 16 4 16.0167364 0.0669456067 0
240 -8 64.0666667 4 16 4 16.0166667 0.0666666667 0
241 -8 64.06639 4 16 4 16.0165975 0.0663900415 0
242 -8 64.0661157 4 16 4 16.0165289 0.0661157025 0
243 -8 64.0658436 4 16 4 16.0164609 0.0658436214 0
244 -8 64.0655738 4 16 4 16.0163934 0.0655737705 0
245 -8 64.0653061 4 16 4 16.0163265 0.0653061224 0
246 -8 64.0650407 4 16 4 16.0162602 0.0650406504 0
247 -8 64.0647773 4 16 4 16.0161943 0.0647773279 0
248 -8 64.0645161 4 16 4 16.016129 0.064516129 0
249 -7.98393574 63.935743 3.99598394 15.9759036 3.99598394 15.9919679 0.192513024 0.00801599974
250 -7.984 63.936 3.996 15.976 3.996 15.992 0.191744 0.007984
