1 3.008052 4.01006388 3.00536425 3.00788349 4.00838432 0.335122866 1
2 3.008052 3.50905749 3.00536425 3.00788349 3.50754588 0.332438567 1
3 3.008052 3.34205536 3.00536425 3.00788349 3.34059974 0.554959045 1
4 3.008052 3.2585543 3.00536425 3.00788349 3.25712667 0.666219284 1
5 3.008052 3.20845366 3.00536425 3.00788349 3.20704283 0.732975427 1
6 3.008052 3.17505323 3.00536425 3.00788349 3.1736536 0.777479522 1
7 3.008052 3.15119578 3.00536425 3.00788349 3.14980415 0.809268162 1
8 3.008052 3.1333027 3.00536425 3.00788349 3.13191706 0.833109642 1
9 3.008052 3.11938586 3.00536425 3.00788349 3.11800488 0.851653015 1
10 3.008052 3.10825238 3.00536425 3.00788349 3.10687514 0.866487713 1
11 3.008052 3.09914317 3.00536425 3.00788349 3.09776899 0.878625194 1
12 3.008052 3.09155217 3.00536425 3.00788349 3.09018052 0.888739761 1
13 3.008052 3.08512901 3.00536425 3.00788349 3.08375952 0.897298241 1
14 3.008052 3.07962344 3.00536425 3.00788349 3.0782558 0.904634081 1
15 3.008052 3.07485195 3.00536425 3.00788349 3.07348591 0.910991809 1
16 3.008052 3.0706769 3.00536425 3.00788349 3.06931226 0.916554821 1
17 3.008052 3.06699303 3.00536425 3.00788349 3.06562962 0.921463361 1
18 3.008052 3.06371848 3.00536425 3.00788349 3.06235617 0.925826507 1
19 3.008052 3.06078862 3.00536425 3.00788349 3.05942729 0.929730375 1
20 3.008052 3.05815174 3.00536425 3.00788349 3.0567913 0.933243857 1
21 3.008052 3.055766 3.00536425 3.00788349 3.05440635 0.936422721 1
22 3.008052 3.05359714 3.00536425 3.00788349 3.05223822 0.939312597 1
23 3.008052 3.05161688 3.00536425 3.00788349 3.05025862 0.94195118 1
24 3.008052 3.04980163 3.00536425 3.00788349 3.04844399 0.944369881 1
25 3.008052 3.04813161 3.00536425 3.00788349 3.04677453 0.946595085 1
26 3.008052 3.04659006 3.00536425 3.00788349 3.04523349 0.948649121 1
27 3.008052 3.04516269 3.00536425 3.00788349 3.0438066 0.950551005 1
28 3.008052 3.04383727 3.00536425 3.00788349 3.04248163 0.952317041 1
29 3.008052 3.04260327 3.00536425 3.00788349 3.04124803 0.95396128 1
30 3.008052 3.04145153 3.00536425 3.00788349 3.04009668 0.955495904 1
31 3.008052 3.04037409 3.00536425 3.00788349 3.03901961 0.95693152 1
32 3.008052 3.039364 3.00536425 3.00788349 3.03800985 0.95827741 1
33 3.008052 3.03841513 3.00536425 3.00788349 3.0370613 0.959541731 1
34 3.008052 3.03752207 3.00536425 3.00788349 3.03616854 0.96073168 1
35 3.008052 3.03668004 3.00536425 3.00788349 3.03532679 0.961853632 1
36 3.008052 3.03588479 3.00536425 3.00788349 3.03453181 0.962913254 1
37 3.008052 3.03513253 3.00536425 3.00788349 3.0337798 0.963915598 1
38 3.008052 3.03441986 3.00536425 3.00788349 3.03306737 0.964865188 1
39 3.008052 3.03374374 3.00536425 3.00788349 3.03239147 0.96576608 1
40 3.008052 3.03310142 3.00536425 3.00788349 3.03174937 0.966621928 1
41 3.008052 3.03249044 3.00536425 3.00788349 3.0311386 0.967436028 1
42 3.008052 3.03190855 3.00536425 3.00788349 3.0305569 0.96821136 1
43 3.008052 3.03135372 3.00536425 3.00788349 3.03000226 0.968950631 1
44 3.008052 3.03082412 3.00536425 3.00788349 3.02947284 0.969656299 1
45 3.008052 3.03031805 3.00536425 3.00788349 3.02896694 0.970330603 1
46 3.008052 3.02983399 3.00536425 3.00788349 3.02848304 0.97097559 1
47 3.008052 3.02937052 3.00536425 3.00788349 3.02801973 0.971593131 1
48 3.008052 3.02892637 3.00536425 3.00788349 3.02757572 0.97218494 1
49 3.008052 3.02850034 3.00536425 3.00788349 3.02714984 0.972752595 1
50 3.008052 3.02809136 3.00536425 3.00788349 3.02674099 0.973297543 1
51 3.008052 3.02769841 3.00536425 3.00788349 3.02634818 0.97382112 1
52 3.008052 3.02732058 3.00536425 3.00788349 3.02597047 0.97432456 1
53 3.008052 3.026957 3.00536425 3.00788349 3.02560702 0.974809003 1
54 3.008052 3.02660689 3.00536425 3.00788349 3.02525702 0.975275502 1
55 3.008052 3.02626952 3.00536425 3.00788349 3.02491976 0.975725039 1
56 3.008052 3.02594419 3.00536425 3.00788349 3.02459454 0.97615852 1
57 3.008052 3.02563027 3.00536425 3.00788349 3.02428073 0.976576792 1
58 3.008052 3.02532718 3.00536425 3.00788349 3.02397774 0.97698064 1
59 3.008052 3.02503437 3.00536425 3.00788349 3.02368503 0.977370799 1
60 3.008052 3.02475132 3.00536425 3.00788349 3.02340207 0.977747952 1
61 3.008052 3.02447754 3.00536425 3.00788349 3.02312838 0.97811274 1
62 3.008052 3.0242126 3.00536425 3.00788349 3.02286353 0.97846576 1
63 3.008052 3.02395607 3.00536425 3.00788349 3.02260709 0.978807574 1
64 3.008052 3.02370755 3.00536425 3.00788349 3.02235865 0.979138705 1
65 3.008052 3.02346668 3.00536425 3.00788349 3.02211787 0.979459648 1
66 3.008052 3.02323311 3.00536425 3.00788349 3.02188437 0.979770866 1
67 3.008052 3.02300652 3.00536425 3.00788349 3.02165785 0.980072793 1
68 3.008052 3.02278658 3.00536425 3.00788349 3.02143799 0.98036584 1
69 3.008052 3.02257303 3.00536425 3.00788349 3.02122451 0.980650393 1
70 3.008052 3.02236557 3.00536425 3.00788349 3.02101712 0.980926816 1
71 3.008052 3.02216396 3.00536425 3.00788349 3.02081558 0.981195453 1
72 3.008052 3.02196795 3.00536425 3.00788349 3.02061963 0.981456627 1
73 3.008052 3.0217773 3.00536425 3.00788349 3.02042905 0.981710646 1
74 3.008052 3.02159182 3.00536425 3.00788349 3.02024363 0.981957799 1
75 3.008052 3.02141127 3.00536425 3.00788349 3.02006314 0.982198362 1
76 3.008052 3.02123548 3.00536425 3.00788349 3.01988741 0.982432594 1
77 3.008052 3.02106426 3.00536425 3.00788349 3.01971624 0.982660742 1
78 3.008052 3.02089742 3.00536425 3.00788349 3.01954946 0.98288304 1
79 3.008052 3.02073481 3.00536425 3.00788349 3.01938691 0.983099711 1
80 3.008052 3.02057626 3.00536425 3.00788349 3.01922841 0.983310964 1
81 3.008052 3.02042163 3.00536425 3.00788349 3.01907383 0.983517002 1
82 3.008052 3.02027077 3.00536425 3.00788349 3.01892302 0.983718014 1
83 3.008052 3.02012355 3.00536425 3.00788349 3.01877585 0.983914182 1
84 3.008052 3.01997983 3.00536425 3.00788349 3.01863218 0.98410568 1
85 3.008052 3.01983949 3.00536425 3.00788349 3.01849189 0.984292672 1
86 3.008052 3.01970241 3.00536425 3.00788349 3.01835486 0.984475316 1
87 3.008052 3.01956849 3.00536425 3.00788349 3.01822098 0.98465376 1
88 3.008052 3.01943761 3.00536425 3.00788349 3.01809014 0.984828149 1
89 3.008052 3.01930967 3.00536425 3.00788349 3.01796225 0.984998619 1
90 3.008052 3.01918458 3.00536425 3.00788349 3.0178372 0.985165301 1
91 3.008052 3.01906223 3.00536425 3.00788349 3.01771489 0.98532832 1
92 3.008052 3.01894255 3.00536425 3.00788349 3.01759524 0.985487795 1
93 3.008052 3.01882543 3.00536425 3.00788349 3.01747817 0.98564384 1
94 3.008052 3.01871081 3.00536425 3.00788349 3.01736359 0.985796565 1
95 3.008052 3.01859861 3.00536425 3.00788349 3.01725142 0.985946075 1
96 3.008052 3.01848874 3.00536425 3.00788349 3.01714159 0.98609247 1
97 3.008052 3.01838113 3.00536425 3.00788349 3.01703402 0.986235847 1
98 3.008052 3.01827572 3.00536425 3.00788349 3.01692865 0.986376297 1
99 3.008052 3.01817244 3.00536425 3.00788349 3.0168254 0.98651391 1
100 3.008052 3.01807123 3.00536425 3.00788349 3.01672422 0.986648771 1
101 3.008052 3.01797202 3.00536425 3.00788349 3.01662505 0.986780962 1
102 3.008052 3.01787476 3.00536425 3.00788349 3.01652781 0.98691056 1
103 3.008052 3.01777938 3.00536425 3.00788349 3.01643247 0.987037642 1
104 3.008052 3.01768584 3.00536425 3.00788349 3.01633896 0.98716228 1
105 3.008052 3.01759408 3.00536425 3.00788349 3.01624723 0.987284544 1
106 3.008052 3.01750405 3.00536425 3.00788349 3.01615723 0.987404501 1
107 3.008052 3.01741571 3.00536425 3.00788349 3.01606892 0.987522216 1
108 3.008052 3.017329 3.00536425 3.00788349 3.01598224 0.987637751 1
109 3.008052 3.01724388 3.00536425 3.00788349 3.01589715 0.987751166 1
110 3.008052 3.01716031 3.00536425 3.00788349 3.01581361 0.987862519 1
111 3.008052 3.01707824 3.00536425 3.00788349 3.01573157 0.987971866 1
112 3.008052 3.01699764 3.00536425 3.00788349 3.015651 0.98807926 1
113 3.008052 3.01691847 3.00536425 3.00788349 3.01557185 0.988184753 1
114 3.008052 3.01684069 3.00536425 3.00788349 3.01549409 0.988288396 1
115 3.008052 3.01676426 3.00536425 3.00788349 3.01541769 0.988390236 1
116 3.008052 3.01668914 3.00536425 3.00788349 3.0153426 0.98849032 1
117 3.008052 3.01661531 3.00536425 3.00788349 3.01526879 0.988588693 1
118 3.008052 3.01654274 3.00536425 3.00788349 3.01519624 0.988685399 1
119 3.008052 3.01647138 3.00536425 3.00788349 3.01512491 0.98878048 1
120 3.008052 3.01640121 3.00536425 3.00788349 3.01505476 0.988873976 1
121 3.008052 3.0163322 3.00536425 3.00788349 3.01498577 0.988965927 1
122 3.008052 3.01626432 3.00536425 3.00788349 3.01491792 0.98905637 1
123 3.008052 3.01619755 3.00536425 3.00788349 3.01485117 0.989145343 1
124 3.008052 3.01613185 3.00536425 3.00788349 3.01478549 0.98923288 1
125 3.008052 3.0160672 3.00536425 3.00788349 3.01472087 0.989319017 1
126 3.008052 3.01600358 3.00536425 3.00788349 3.01465727 0.989403787 1
127 3.008052 3.01594097 3.00536425 3.00788349 3.01459467 0.989487222 1
128 3.008052 3.01587933 3.00536425 3.00788349 3.01453305 0.989569353 1
129 3.008052 3.01581864 3.00536425 3.00788349 3.01447239 0.98965021 1
130 3.008052 3.01575889 3.00536425 3.00788349 3.01441266 0.989729824 1
131 3.008052 3.01570005 3.00536425 3.00788349 3.01435384 0.989808222 1
132 3.008052 3.01564211 3.00536425 3.00788349 3.01429591 0.989885433 1
133 3.008052 3.01558503 3.00536425 3.00788349 3.01423886 0.989961482 1
134 3.008052 3.01552881 3.00536425 3.00788349 3.01418265 0.990036397 1
135 3.008052 3.01547342 3.00536425 3.00788349 3.01412728 0.990110201 1
136 3.008052 3.01541884 3.00536425 3.00788349 3.01407272 0.99018292 1
137 3.008052 3.01536506 3.00536425 3.00788349 3.01401896 0.990254578 1
138 3.008052 3.01531206 3.00536425 3.00788349 3.01396598 0.990325197 1
139 3.008052 3.01525983 3.00536425 3.00788349 3.01391376 0.9903948 1
140 3.008052 3.01520834 3.00536425 3.00788349 3.01386229 0.990463408 1
141 3.008052 3.01515758 3.00536425 3.00788349 3.01381154 0.990531044 1
142 3.008052 3.01510753 3.00536425 3.00788349 3.01376152 0.990597726 1
143 3.008052 3.01505818 3.00536425 3.00788349 3.01371219 0.990663476 1
144 3.008052 3.01500952 3.00536425 3.00788349 3.01366354 0.990728313 1
145 3.008052 3.01496154 3.00536425 3.00788349 3.01361557 0.990792256 1
146 3.008052 3.0149142 3.00536425 3.00788349 3.01356825 0.990855323 1
147 3.008052 3.01486752 3.00536425 3.00788349 3.01352158 0.990917532 1
148 3.008052 3.01482146 3.00536425 3.00788349 3.01347554 0.9909789 1
149 3.008052 3.01477602 3.00536425 3.00788349 3.01343012 0.991039444 1
150 3.008052 3.01473119 3.00536425 3.00788349 3.0133853 0.991099181 1
151 3.008052 3.01468695 3.00536425 3.00788349 3.01334107 0.991158127 1
152 3.008052 3.01464329 3.00536425 3.00788349 3.01329743 0.991216297 1
153 3.008052 3.01460021 3.00536425 3.00788349 3.01325436 0.991273707 1
154 3.008052 3.01455768 3.00536425 3.00788349 3.01321185 0.991330371 1
155 3.008052 3.0145157 3.00536425 3.00788349 3.01316988 0.991386304 1
156 3.008052 3.01447426 3.00536425 3.00788349 3.01312846 0.99144152 1
157 3.008052 3.01443335 3.00536425 3.00788349 3.01308756 0.991496033 1
158 3.008052 3.01439296 3.00536425 3.00788349 3.01304718 0.991549855 1
159 3.008052 3.01435307 3.00536425 3.00788349 3.01300731 0.991603001 1
160 3.008052 3.01431368 3.00536425 3.00788349 3.01296793 0.991655482 1
161 3.008052 3.01427478 3.00536425 3.00788349 3.01292905 0.991707311 1
162 3.008052 3.01423637 3.00536425 3.00788349 3.01289064 0.991758501 1
163 3.008052 3.01419842 3.00536425 3.00788349 3.01285271 0.991809062 1
164 3.008052 3.01416094 3.00536425 3.00788349 3.01281524 0.991859007 1
165 3.008052 3.01412391 3.00536425 3.00788349 3.01277822 0.991908346 1
166 3.008052 3.01408732 3.00536425 3.00788349 3.01274165 0.991957091 1
167 3.008052 3.01405118 3.00536425 3.00788349 3.01270552 0.992005252 1
168 3.008052 3.01401546 3.00536425 3.00788349 3.01266981 0.99205284 1
169 3.008052 3.01398017 3.00536425 3.00788349 3.01263453 0.992099865 1
170 3.008052 3.01394529 3.00536425 3.00788349 3.01259967 0.992146336 1
171 3.008052 3.01391083 3.00536425 3.00788349 3.01256521 0.992192264 1
172 3.008052 3.01387676 3.00536425 3.00788349 3.01253116 0.992237658 1
173 3.008052 3.01384308 3.00536425 3.00788349 3.01249749 0.992282527 1
174 3.008052 3.0138098 3.00536425 3.00788349 3.01246422 0.99232688 1
175 3.008052 3.01377689 3.00536425 3.00788349 3.01243132 0.992370726 1
176 3.008052 3.01374436 3.00536425 3.00788349 3.0123988 0.992414075 1
177 3.008052 3.01371219 3.00536425 3.00788349 3.01236664 0.992456933 1
178 3.008052 3.01368039 3.00536425 3.00788349 3.01233485 0.99249931 1
179 3.008052 3.01364894 3.00536425 3.00788349 3.01230341 0.992541213 1
180 3.008052 3.01361784 3.00536425 3.00788349 3.01227232 0.992582651 1
181 3.008052 3.01358708 3.00536425 3.00788349 3.01224158 0.992623631 1
182 3.008052 3.01355667 3.00536425 3.00788349 3.01221117 0.99266416 1
183 3.008052 3.01352658 3.00536425 3.00788349 3.0121811 0.992704247 1
184 3.008052 3.01349682 3.00536425 3.00788349 3.01215135 0.992743897 1
185 3.008052 3.01346739 3.00536425 3.00788349 3.01212192 0.99278312 1
186 3.008052 3.01343827 3.00536425 3.00788349 3.01209281 0.99282192 1
187 3.008052 3.01340946 3.00536425 3.00788349 3.01206401 0.992860306 1
188 3.008052 3.01338096 3.00536425 3.00788349 3.01203552 0.992898283 1
189 3.008052 3.01335276 3.00536425 3.00788349 3.01200733 0.992935858 1
190 3.008052 3.01332485 3.00536425 3.00788349 3.01197944 0.992973038 1
191 3.008052 3.01329724 3.00536425 3.00788349 3.01195183 0.993009828 1
192 3.008052 3.01326992 3.00536425 3.00788349 3.01192452 0.993046235 1
193 3.008052 3.01324288 3.00536425 3.00788349 3.01189749 0.993082265 1
194 3.008052 3.01321612 3.00536425 3.00788349 3.01187074 0.993117923 1
195 3.008052 3.01318963 3.00536425 3.00788349 3.01184426 0.993153216 1
196 3.008052 3.01316341 3.00536425 3.00788349 3.01181805 0.993188149 1
197 3.008052 3.01313746 3.00536425 3.00788349 3.01179211 0.993222727 1
198 3.008052 3.01311177 3.00536425 3.00788349 3.01176643 0.993256955 1
199 3.008052 3.01308634 3.00536425 3.00788349 3.011741 0.99329084 1
200 3.008052 3.01306117 3.00536425 3.00788349 3.01171584 0.993324386 1
201 3.008052 3.01303624 3.00536425 3.00788349 3.01169092 0.993357598 1
202 3.008052 3.01301156 3.00536425 3.00788349 3.01166625 0.993390481 1
203 3.008052 3.01298713 3.00536425 3.00788349 3.01164182 0.99342304 1
204 3.008052 3.01296293 3.00536425 3.00788349 3.01161763 0.99345528 1
205 3.008052 3.01293897 3.00536425 3.00788349 3.01159368 0.993487206 1
206 3.008052 3.01291524 3.00536425 3.00788349 3.01156996 0.993518821 1
207 3.008052 3.01289174 3.00536425 3.00788349 3.01154647 0.993550131 1
208 3.008052 3.01286847 3.00536425 3.00788349 3.01152321 0.99358114 1
209 3.008052 3.01284542 3.00536425 3.00788349 3.01150016 0.993611852 1
210 3.008052 3.01282259 3.00536425 3.00788349 3.01147734 0.993642272 1
211 3.008052 3.01279998 3.00536425 3.00788349 3.01145474 0.993672403 1
212 3.008052 3.01277758 3.00536425 3.00788349 3.01143234 0.993702251 1
213 3.008052 3.01275539 3.00536425 3.00788349 3.01141016 0.993731818 1
214 3.008052 3.0127334 3.00536425 3.00788349 3.01138819 0.993761108 1
215 3.008052 3.01271163 3.00536425 3.00788349 3.01136641 0.993790126 1
216 3.008052 3.01269005 3.00536425 3.00788349 3.01134485 0.993818876 1
217 3.008052 3.01266867 3.00536425 3.00788349 3.01132348 0.99384736 1
218 3.008052 3.01264749 3.00536425 3.00788349 3.0113023 0.993875583 1
219 3.008052 3.0126265 3.00536425 3.00788349 3.01128132 0.993903549 1
220 3.008052 3.01260571 3.00536425 3.00788349 3.01126053 0.99393126 1
221 3.008052 3.0125851 3.00536425 3.00788349 3.01123993 0.99395872 1
222 3.008052 3.01256467 3.00536425 3.00788349 3.01121951 0.993985933 1
223 3.008052 3.01254443 3.00536425 3.00788349 3.01119928 0.994012902 1
224 3.008052 3.01252437 3.00536425 3.00788349 3.01117922 0.99403963 1
225 3.008052 3.01250449 3.00536425 3.00788349 3.01115935 0.994066121 1
226 3.008052 3.01248479 3.00536425 3.00788349 3.01113965 0.994092377 1
227 3.008052 3.01246526 3.00536425 3.00788349 3.01112013 0.994118401 1
228 3.008052 3.0124459 3.00536425 3.00788349 3.01110077 0.994144198 1
229 3.008052 3.0124267 3.00536425 3.00788349 3.01108159 0.994169769 1
230 3.008052 3.01240768 3.00536425 3.00788349 3.01106257 0.994195118 1
231 3.008052 3.01238882 3.00536425 3.00788349 3.01104372 0.994220247 1
232 3.008052 3.01237012 3.00536425 3.00788349 3.01102503 0.99424516 1
233 3.008052 3.01235159 3.00536425 3.00788349 3.01100649 0.994269859 1
234 3.008052 3.01233321 3.00536425 3.00788349 3.01098812 0.994294347 1
235 3.008052 3.01231499 3.00536425 3.00788349 3.01096991 0.994318626 1
236 3.008052 3.01229692 3.00536425 3.00788349 3.01095185 0.9943427 1
237 3.008052 3.012279 3.00536425 3.00788349 3.01093394 0.99436657 1
238 3.008052 3.01226124 3.00536425 3.00788349 3.01091618 0.99439024 1
239 3.008052 3.01224362 3.00536425 3.00788349 3.01089857 0.994413712 1
240 3.008052 3.01222616 3.00536425 3.00788349 3.01088111 0.994436988 1
241 3.008052 3.01220883 3.00536425 3.00788349 3.01086379 0.994460071 1
242 3.008052 3.01219165 3.00536425 3.00788349 3.01084661 0.994482963 1
243 3.008052 3.01217461 3.00536425 3.00788349 3.01082958 0.994505667 1
244 3.008052 3.01215771 3.00536425 3.00788349 3.01081269 0.994528185 1
245 3.008052 3.01214095 3.00536425 3.00788349 3.01079593 0.994550519 1
246 3.008052 3.01212432 3.00536425 3.00788349 3.01077931 0.994572671 1
247 3.008052 3.01210783 3.00536425 3.00788349 3.01076282 0.994594644 1
248 3.008052 3.01209148 3.00536425 3.00788349 3.01074647 0.99461644 1
249 3.00000371 3.00402695 3.0013428 3.00184752 3.00469605 0.983935716 0.99799264
250 3.0000359 3.00404305 3.00135889 3.00187167 3.0047041 0.983999888 0.998000653
