time=1.00249999999999
datapoints=11x11
                        0                        0                        0                        0                        0                        0                        0                        0                        0                        0                        0
    -9.68749523394341e-06    -9.68749523394341e-06    -9.68749523394341e-06    -9.68749523394341e-06    -9.68749523394341e-06    -9.68749523394341e-06    -9.68749523394341e-06    -9.68749523394341e-06    -9.68749523394341e-06    -9.68749523394341e-06    -9.68749523394341e-06
    -1.84267109376404e-05    -1.84267109376404e-05    -1.84267109376404e-05    -1.84267109376404e-05    -1.84267109376404e-05    -1.84267109376404e-05    -1.84267109376404e-05    -1.84267109376404e-05    -1.84267109376404e-05    -1.84267109376404e-05    -1.84267109376404e-05
    -2.53621917883171e-05    -2.53621917883171e-05    -2.53621917883171e-05    -2.53621917883171e-05    -2.53621917883171e-05    -2.53621917883171e-05    -2.53621917883171e-05    -2.53621917883171e-05    -2.53621917883171e-05    -2.53621917883171e-05    -2.53621917883171e-05
    -2.98150445979728e-05    -2.98150445979728e-05    -2.98150445979728e-05    -2.98150445979728e-05    -2.98150445979728e-05    -2.98150445979728e-05    -2.98150445979728e-05    -2.98150445979728e-05    -2.98150445979728e-05    -2.98150445979728e-05    -2.98150445979728e-05
    -3.13493931087483e-05    -3.13493931087483e-05    -3.13493931087483e-05    -3.13493931087483e-05    -3.13493931087483e-05    -3.13493931087483e-05    -3.13493931087483e-05    -3.13493931087483e-05    -3.13493931087483e-05    -3.13493931087483e-05    -3.13493931087483e-05
    -2.98150445979741e-05    -2.98150445979741e-05    -2.98150445979741e-05    -2.98150445979741e-05    -2.98150445979741e-05    -2.98150445979741e-05    -2.98150445979741e-05    -2.98150445979741e-05    -2.98150445979741e-05    -2.98150445979741e-05    -2.98150445979741e-05
    -2.53621917883193e-05    -2.53621917883193e-05    -2.53621917883193e-05    -2.53621917883193e-05    -2.53621917883193e-05    -2.53621917883193e-05    -2.53621917883193e-05    -2.53621917883193e-05    -2.53621917883193e-05    -2.53621917883193e-05    -2.53621917883193e-05
    -1.84267109376426e-05    -1.84267109376426e-05    -1.84267109376426e-05    -1.84267109376426e-05    -1.84267109376426e-05    -1.84267109376426e-05    -1.84267109376426e-05    -1.84267109376426e-05    -1.84267109376426e-05    -1.84267109376426e-05    -1.84267109376426e-05
    -9.68749523394474e-06    -9.68749523394474e-06    -9.68749523394474e-06    -9.68749523394474e-06    -9.68749523394474e-06    -9.68749523394474e-06    -9.68749523394474e-06    -9.68749523394474e-06    -9.68749523394474e-06    -9.68749523394474e-06    -9.68749523394474e-06
                        0                        0                        0                        0                        0                        0                        0                        0                        0                        0                        0
